180
0.25999999046325684 0.41999998688697815 0.3199999928474426 0.6299999952316284 0.009999999776482582 0.36000001430511475 
0.10000000149011612 0.6299999952316284 0.27000001072883606 0.6200000047683716 0.30000001192092896 0.07999999821186066 
0.10999999940395355 0.4699999988079071 0.41999998688697815 0.550000011920929 0.18000000715255737 0.27000001072883606 
0.05999999865889549 0.7300000190734863 0.20999999344348907 0.800000011920929 0.25 -0.05000000074505806 
0.029999999329447746 0.7900000214576721 0.18000000715255737 0.6000000238418579 0.28999999165534973 0.10999999940395355 
0.28999999165534973 0.6299999952316284 0.07999999821186066 0.699999988079071 0.07000000029802322 0.23000000417232513 
0.1599999964237213 0.75 0.09000000357627869 0.5299999713897705 0.23999999463558197 0.23000000417232513 
0.03999999910593033 0.41999998688697815 0.5400000214576721 0.6299999952316284 0.1899999976158142 0.18000000715255737 
0.25 0.49000000953674316 0.25999999046325684 0.550000011920929 0.0 0.44999998807907104 
0.07999999821186066 0.5 0.41999998688697815 0.41999998688697815 0.10999999940395355 0.4699999988079071 
0.7799999713897705 0.019999999552965164 0.20000000298023224 0.029999999329447746 0.5400000214576721 0.4300000071525574 
0.49000000953674316 0.05000000074505806 0.46000000834465027 0.07000000029802322 0.5899999737739563 0.3400000035762787 
0.5699999928474426 0.05000000074505806 0.3799999952316284 0.05999999865889549 0.4699999988079071 0.4699999988079071 
0.7699999809265137 0.09000000357627869 0.14000000059604645 0.10000000149011612 0.41999998688697815 0.47999998927116394 
0.6700000166893005 0.029999999329447746 0.30000001192092896 0.019999999552965164 0.5699999928474426 0.4099999964237213 
0.41999998688697815 0.0 0.5799999833106995 0.029999999329447746 0.49000000953674316 0.47999998927116394 
0.7799999713897705 0.0 0.2199999988079071 0.10000000149011612 0.7900000214576721 0.10999999940395355 
0.6299999952316284 0.09000000357627869 0.2800000011920929 0.07000000029802322 0.7300000190734863 0.20000000298023224 
0.7599999904632568 0.019999999552965164 0.2199999988079071 0.03999999910593033 0.47999998927116394 0.47999998927116394 
0.6899999976158142 0.03999999910593033 0.27000001072883606 0.009999999776482582 0.4099999964237213 0.5799999833106995 
0.09000000357627869 0.550000011920929 0.36000001430511475 0.6899999976158142 0.10000000149011612 0.20999999344348907 
0.18000000715255737 0.699999988079071 0.11999999731779099 0.800000011920929 0.07000000029802322 0.12999999523162842 
0.1599999964237213 0.44999998807907104 0.38999998569488525 0.5199999809265137 0.20000000298023224 0.2800000011920929 
0.09000000357627869 0.41999998688697815 0.49000000953674316 0.5899999737739563 0.019999999552965164 0.38999998569488525 
0.2199999988079071 0.6700000166893005 0.10999999940395355 0.7599999904632568 0.2199999988079071 0.019999999552965164 
0.10000000149011612 0.46000000834465027 0.4399999976158142 0.46000000834465027 0.25999999046325684 0.2800000011920929 
0.1899999976158142 0.4099999964237213 0.4000000059604645 0.699999988079071 0.30000001192092896 5.551115123125783e-17 
0.019999999552965164 0.5799999833106995 0.4000000059604645 0.5199999809265137 0.03999999910593033 0.4399999976158142 
0.17000000178813934 0.6299999952316284 0.20000000298023224 0.5400000214576721 0.1899999976158142 0.27000001072883606 
0.25 0.6399999856948853 0.10999999940395355 0.4399999976158142 0.18000000715255737 0.3799999952316284 
0.5 0.029999999329447746 0.4699999988079071 0.2199999988079071 0.27000001072883606 0.5099999904632568 
0.4399999976158142 0.03999999910593033 0.5199999809265137 0.03999999910593033 0.5 0.46000000834465027 
0.2800000011920929 0.1899999976158142 0.5299999713897705 0.28999999165534973 0.3799999952316284 0.33000001311302185 
0.28999999165534973 0.03999999910593033 0.6700000166893005 0.28999999165534973 0.33000001311302185 0.3799999952316284 
0.23000000417232513 0.30000001192092896 0.4699999988079071 0.25999999046325684 0.38999998569488525 0.3499999940395355 
0.3799999952316284 0.05000000074505806 0.5699999928474426 0.14000000059604645 0.5 0.36000001430511475 
0.49000000953674316 0.17000000178813934 0.3400000035762787 0.2199999988079071 0.25 0.5299999713897705 
0.20999999344348907 0.15000000596046448 0.6399999856948853 0.25 0.33000001311302185 0.41999998688697815 
0.49000000953674316 0.1899999976158142 0.3199999928474426 0.27000001072883606 0.4099999964237213 0.3199999928474426 
0.44999998807907104 0.23000000417232513 0.3199999928474426 0.20000000298023224 0.2800000011920929 0.5199999809265137 
0.05999999865889549 0.47999998927116394 0.46000000834465027 0.49000000953674316 0.18000000715255737 0.33000001311302185 
0.12999999523162842 0.41999998688697815 0.44999998807907104 0.4000000059604645 0.20999999344348907 0.38999998569488525 
0.15000000596046448 0.46000000834465027 0.38999998569488525 0.44999998807907104 0.15000000596046448 0.4000000059604645 
0.09000000357627869 0.5699999928474426 0.3400000035762787 0.5799999833106995 0.2199999988079071 0.20000000298023224 
0.10999999940395355 0.6000000238418579 0.28999999165534973 0.5899999737739563 0.09000000357627869 0.3199999928474426 
0.20999999344348907 0.4399999976158142 0.3499999940395355 0.44999998807907104 0.23999999463558197 0.3100000023841858 
0.2800000011920929 0.5400000214576721 0.18000000715255737 0.5899999737739563 0.09000000357627869 0.3199999928474426 
0.20999999344348907 0.5899999737739563 0.20000000298023224 0.6000000238418579 0.2800000011920929 0.11999999731779099 
0.20999999344348907 0.4099999964237213 0.3799999952316284 0.5 0.05000000074505806 0.44999998807907104 
0.25 0.5299999713897705 0.2199999988079071 0.5799999833106995 0.10000000149011612 0.3199999928474426 
0.4399999976158142 0.0 0.5600000023841858 0.14000000059604645 0.550000011920929 0.3100000023841858 
0.5 0.05999999865889549 0.4399999976158142 0.23999999463558197 0.4300000071525574 0.33000001311302185 
0.44999998807907104 0.009999999776482582 0.5400000214576721 0.009999999776482582 0.5299999713897705 0.46000000834465027 
0.5600000023841858 0.10000000149011612 0.3400000035762787 0.1599999964237213 0.5199999809265137 0.3199999928474426 
0.47999998927116394 0.029999999329447746 0.49000000953674316 0.019999999552965164 0.4399999976158142 0.5400000214576721 
0.5299999713897705 0.09000000357627869 0.3799999952316284 0.07999999821186066 0.49000000953674316 0.4300000071525574 
0.49000000953674316 0.05999999865889549 0.44999998807907104 0.25999999046325684 0.5299999713897705 0.20999999344348907 
0.5699999928474426 0.1899999976158142 0.23999999463558197 0.11999999731779099 0.4300000071525574 0.44999998807907104 
0.46000000834465027 0.07000000029802322 0.4699999988079071 0.1899999976158142 0.5600000023841858 0.25 
0.46000000834465027 0.10999999940395355 0.4300000071525574 0.14000000059604645 0.5099999904632568 0.3499999940395355 
0.2800000011920929 0.4699999988079071 0.25 0.5400000214576721 0.2800000011920929 0.18000000715255737 
0.05999999865889549 0.6000000238418579 0.3400000035762787 0.550000011920929 0.1899999976158142 0.25999999046325684 
0.1599999964237213 0.49000000953674316 0.3499999940395355 0.5799999833106995 0.27000001072883606 0.15000000596046448 
0.11999999731779099 0.46000000834465027 0.41999998688697815 0.49000000953674316 0.11999999731779099 0.38999998569488525 
0.0 0.5600000023841858 0.4399999976158142 0.5299999713897705 0.0 0.4699999988079071 
0.18000000715255737 0.41999998688697815 0.4000000059604645 0.5600000023841858 0.1599999964237213 0.2800000011920929 
0.25999999046325684 0.4000000059604645 0.3400000035762787 0.5600000023841858 0.10999999940395355 0.33000001311302185 
0.14000000059604645 0.4099999964237213 0.44999998807907104 0.5099999904632568 0.029999999329447746 0.46000000834465027 
0.05000000074505806 0.5299999713897705 0.41999998688697815 0.5699999928474426 0.28999999165534973 0.14000000059604645 
0.1599999964237213 0.550000011920929 0.28999999165534973 0.550000011920929 0.28999999165534973 0.1599999964237213 
0.46000000834465027 0.1899999976158142 0.3499999940395355 0.20000000298023224 0.5299999713897705 0.27000001072883606 
0.4399999976158142 0.18000000715255737 0.3799999952316284 0.23999999463558197 0.49000000953674316 0.27000001072883606 
0.4099999964237213 0.029999999329447746 0.5600000023841858 0.05999999865889549 0.5299999713897705 0.4099999964237213 
0.6000000238418579 0.17000000178813934 0.23000000417232513 0.20000000298023224 0.5299999713897705 0.27000001072883606 
0.550000011920929 0.05000000074505806 0.4000000059604645 0.25999999046325684 0.4399999976158142 0.30000001192092896 
0.5099999904632568 0.2800000011920929 0.20999999344348907 0.05000000074505806 0.46000000834465027 0.49000000953674316 
0.4099999964237213 0.17000000178813934 0.41999998688697815 0.07999999821186066 0.41999998688697815 0.5 
0.5699999928474426 0.23000000417232513 0.20000000298023224 0.17000000178813934 0.41999998688697815 0.4099999964237213 
0.44999998807907104 0.10999999940395355 0.4399999976158142 0.07999999821186066 0.44999998807907104 0.4699999988079071 
0.5799999833106995 0.25 0.17000000178813934 0.23000000417232513 0.4099999964237213 0.36000001430511475 
0.11999999731779099 0.5299999713897705 0.3499999940395355 0.41999998688697815 0.009999999776482582 0.5699999928474426 
0.029999999329447746 0.5299999713897705 0.4399999976158142 0.5699999928474426 0.25999999046325684 0.17000000178813934 
0.2800000011920929 0.5 0.2199999988079071 0.5199999809265137 0.019999999552965164 0.46000000834465027 
0.09000000357627869 0.5099999904632568 0.4000000059604645 0.4699999988079071 0.07999999821186066 0.44999998807907104 
0.28999999165534973 0.4399999976158142 0.27000001072883606 0.6000000238418579 0.07999999821186066 0.3199999928474426 
0.18000000715255737 0.4699999988079071 0.3499999940395355 0.4699999988079071 0.1599999964237213 0.3700000047683716 
0.019999999552965164 0.49000000953674316 0.49000000953674316 0.5199999809265137 0.12999999523162842 0.3499999940395355 
0.12999999523162842 0.5 0.3700000047683716 0.4099999964237213 0.23999999463558197 0.3499999940395355 
0.05999999865889549 0.41999998688697815 0.5199999809265137 0.49000000953674316 0.15000000596046448 0.36000001430511475 
0.25 0.6000000238418579 0.15000000596046448 0.4300000071525574 0.23000000417232513 0.3400000035762787 
0.5199999809265137 0.27000001072883606 0.20999999344348907 0.27000001072883606 0.5600000023841858 0.17000000178813934 
0.4300000071525574 0.0 0.5699999928474426 0.07000000029802322 0.550000011920929 0.3799999952316284 
0.4099999964237213 0.25 0.3400000035762787 0.11999999731779099 0.5799999833106995 0.30000001192092896 
0.4699999988079071 0.14000000059604645 0.38999998569488525 0.14000000059604645 0.5799999833106995 0.2800000011920929 
0.4300000071525574 0.28999999165534973 0.2800000011920929 0.23999999463558197 0.5199999809265137 0.23999999463558197 
0.47999998927116394 0.029999999329447746 0.49000000953674316 0.07000000029802322 0.4099999964237213 0.5199999809265137 
0.4000000059604645 0.20999999344348907 0.38999998569488525 0.17000000178813934 0.41999998688697815 0.4099999964237213 
0.5400000214576721 0.20000000298023224 0.25999999046325684 0.23000000417232513 0.49000000953674316 0.2800000011920929 
0.6000000238418579 0.30000001192092896 0.10000000149011612 0.07000000029802322 0.5099999904632568 0.41999998688697815 
0.46000000834465027 0.2800000011920929 0.25999999046325684 0.28999999165534973 0.5699999928474426 0.14000000059604645 
0.12999999523162842 0.44999998807907104 0.41999998688697815 0.550000011920929 0.20000000298023224 0.25 
0.10000000149011612 0.4099999964237213 0.49000000953674316 0.49000000953674316 0.07999999821186066 0.4300000071525574 
0.1899999976158142 0.41999998688697815 0.38999998569488525 0.5299999713897705 0.30000001192092896 0.17000000178813934 
0.12999999523162842 0.5099999904632568 0.36000001430511475 0.6000000238418579 0.07999999821186066 0.3199999928474426 
0.25 0.5099999904632568 0.23999999463558197 0.47999998927116394 0.25999999046325684 0.25999999046325684 
0.0 0.5199999809265137 0.47999998927116394 0.4699999988079071 0.1899999976158142 0.3400000035762787 
0.23999999463558197 0.4300000071525574 0.33000001311302185 0.6000000238418579 0.25999999046325684 0.14000000059604645 
0.14000000059604645 0.4399999976158142 0.41999998688697815 0.4699999988079071 0.23999999463558197 0.28999999165534973 
0.009999999776482582 0.5 0.49000000953674316 0.5 0.029999999329447746 0.4699999988079071 
0.0 0.5299999713897705 0.4699999988079071 0.47999998927116394 0.05999999865889549 0.46000000834465027 
0.4000000059604645 0.03999999910593033 0.5600000023841858 0.25 0.5199999809265137 0.23000000417232513 
0.5600000023841858 0.28999999165534973 0.15000000596046448 0.18000000715255737 0.5299999713897705 0.28999999165534973 
0.4000000059604645 0.10000000149011612 0.5 0.1899999976158142 0.4099999964237213 0.4000000059604645 
0.5699999928474426 0.019999999552965164 0.4099999964237213 0.25999999046325684 0.46000000834465027 0.2800000011920929 
0.6000000238418579 0.07000000029802322 0.33000001311302185 0.019999999552965164 0.550000011920929 0.4300000071525574 
0.5799999833106995 0.15000000596046448 0.27000001072883606 0.14000000059604645 0.5899999737739563 0.27000001072883606 
0.4699999988079071 0.30000001192092896 0.23000000417232513 0.1899999976158142 0.5899999737739563 0.2199999988079071 
0.5099999904632568 0.0 0.49000000953674316 0.07000000029802322 0.5799999833106995 0.3499999940395355 
0.4399999976158142 0.07999999821186066 0.47999998927116394 0.009999999776482582 0.5299999713897705 0.46000000834465027 
0.5400000214576721 0.18000000715255737 0.2800000011920929 0.28999999165534973 0.5799999833106995 0.12999999523162842 
0.09000000357627869 0.5 0.4099999964237213 0.5400000214576721 0.25999999046325684 0.20000000298023224 
0.05000000074505806 0.4399999976158142 0.5099999904632568 0.4300000071525574 0.18000000715255737 0.38999998569488525 
0.05000000074505806 0.4399999976158142 0.5099999904632568 0.5799999833106995 0.20000000298023224 0.2199999988079071 
0.1599999964237213 0.550000011920929 0.28999999165534973 0.4399999976158142 0.029999999329447746 0.5299999713897705 
0.23000000417232513 0.44999998807907104 0.3199999928474426 0.4399999976158142 0.20000000298023224 0.36000001430511475 
0.05000000074505806 0.5099999904632568 0.4399999976158142 0.5600000023841858 0.03999999910593033 0.4000000059604645 
0.029999999329447746 0.5099999904632568 0.46000000834465027 0.49000000953674316 0.28999999165534973 0.2199999988079071 
0.09000000357627869 0.5799999833106995 0.33000001311302185 0.5899999737739563 0.03999999910593033 0.3700000047683716 
0.2800000011920929 0.5600000023841858 0.1599999964237213 0.5400000214576721 0.0 0.46000000834465027 
0.009999999776482582 0.4699999988079071 0.5199999809265137 0.44999998807907104 0.25 0.30000001192092896 
0.5099999904632568 0.25999999046325684 0.23000000417232513 0.05000000074505806 0.4399999976158142 0.5099999904632568 
0.5 0.23000000417232513 0.27000001072883606 0.1899999976158142 0.4300000071525574 0.3799999952316284 
0.5699999928474426 0.03999999910593033 0.38999998569488525 0.2199999988079071 0.6000000238418579 0.18000000715255737 
0.5199999809265137 0.1899999976158142 0.28999999165534973 0.25 0.47999998927116394 0.27000001072883606 
0.5699999928474426 0.27000001072883606 0.1599999964237213 0.2800000011920929 0.6000000238418579 0.11999999731779099 
0.5400000214576721 0.20999999344348907 0.25 0.029999999329447746 0.5199999809265137 0.44999998807907104 
0.5799999833106995 0.03999999910593033 0.3799999952316284 0.18000000715255737 0.4699999988079071 0.3499999940395355 
0.4699999988079071 0.05999999865889549 0.4699999988079071 0.1599999964237213 0.41999998688697815 0.41999998688697815 
0.5699999928474426 0.12999999523162842 0.30000001192092896 0.10999999940395355 0.44999998807907104 0.4399999976158142 
0.5899999737739563 0.20000000298023224 0.20999999344348907 0.03999999910593033 0.4099999964237213 0.550000011920929 
0.07000000029802322 0.49000000953674316 0.4399999976158142 0.4300000071525574 0.2199999988079071 0.3499999940395355 
0.27000001072883606 0.4699999988079071 0.25999999046325684 0.5299999713897705 0.0 0.4699999988079071 
0.07999999821186066 0.5099999904632568 0.4099999964237213 0.5899999737739563 0.18000000715255737 0.23000000417232513 
0.30000001192092896 0.550000011920929 0.15000000596046448 0.5699999928474426 0.10999999940395355 0.3199999928474426 
0.07000000029802322 0.44999998807907104 0.47999998927116394 0.4099999964237213 0.2800000011920929 0.3100000023841858 
0.10000000149011612 0.5600000023841858 0.3400000035762787 0.44999998807907104 0.2800000011920929 0.27000001072883606 
0.27000001072883606 0.4699999988079071 0.25999999046325684 0.4000000059604645 0.10999999940395355 0.49000000953674316 
0.25999999046325684 0.5600000023841858 0.18000000715255737 0.550000011920929 0.029999999329447746 0.41999998688697815 
0.28999999165534973 0.5400000214576721 0.17000000178813934 0.5699999928474426 0.23000000417232513 0.20000000298023224 
0.12999999523162842 0.5899999737739563 0.2800000011920929 0.44999998807907104 0.1899999976158142 0.36000001430511475 
0.46000000834465027 0.10999999940395355 0.4300000071525574 0.0 0.5299999713897705 0.4699999988079071 
0.4699999988079071 0.17000000178813934 0.36000001430511475 0.12999999523162842 0.5400000214576721 0.33000001311302185 
0.5 0.1899999976158142 0.3100000023841858 0.2800000011920929 0.4099999964237213 0.3100000023841858 
0.4300000071525574 0.20999999344348907 0.36000001430511475 0.1599999964237213 0.4399999976158142 0.4000000059604645 
0.5199999809265137 0.23000000417232513 0.25 0.0 0.4699999988079071 0.5299999713897705 
0.4099999964237213 0.11999999731779099 0.4699999988079071 0.1899999976158142 0.4699999988079071 0.3400000035762787 
0.4399999976158142 0.17000000178813934 0.38999998569488525 0.10999999940395355 0.5899999737739563 0.30000001192092896 
0.49000000953674316 0.2800000011920929 0.23000000417232513 0.17000000178813934 0.6000000238418579 0.23000000417232513 
0.4000000059604645 0.18000000715255737 0.41999998688697815 0.10000000149011612 0.47999998927116394 0.41999998688697815 
0.4399999976158142 0.11999999731779099 0.4399999976158142 0.25 0.5099999904632568 0.23999999463558197 
0.2800000011920929 0.46000000834465027 0.25999999046325684 0.5799999833106995 0.14000000059604645 0.2800000011920929 
0.09000000357627869 0.550000011920929 0.36000001430511475 0.5299999713897705 0.029999999329447746 0.4399999976158142 
0.23000000417232513 0.5600000023841858 0.20999999344348907 0.5799999833106995 0.25 0.17000000178813934 
0.30000001192092896 0.5699999928474426 0.12999999523162842 0.5899999737739563 0.23999999463558197 0.17000000178813934 
0.05999999865889549 0.41999998688697815 0.5199999809265137 0.5899999737739563 0.27000001072883606 0.14000000059604645 
0.17000000178813934 0.5400000214576721 0.28999999165534973 0.4300000071525574 0.30000001192092896 0.27000001072883606 
0.27000001072883606 0.5899999737739563 0.14000000059604645 0.41999998688697815 0.18000000715255737 0.4000000059604645 
0.03999999910593033 0.5299999713897705 0.4300000071525574 0.4099999964237213 0.15000000596046448 0.4399999976158142 
0.15000000596046448 0.5199999809265137 0.33000001311302185 0.550000011920929 0.1899999976158142 0.25999999046325684 
0.17000000178813934 0.5299999713897705 0.30000001192092896 0.5400000214576721 0.10000000149011612 0.36000001430511475 
0.6000000238418579 0.2800000011920929 0.11999999731779099 0.05999999865889549 0.5199999809265137 0.41999998688697815 
0.44999998807907104 0.10999999940395355 0.4399999976158142 0.2199999988079071 0.5699999928474426 0.20999999344348907 
0.41999998688697815 0.07000000029802322 0.5099999904632568 0.18000000715255737 0.5899999737739563 0.23000000417232513 
0.5899999737739563 0.25 0.1599999964237213 0.25999999046325684 0.5600000023841858 0.18000000715255737 
0.47999998927116394 0.14000000059604645 0.3799999952316284 0.20000000298023224 0.46000000834465027 0.3400000035762787 
0.44999998807907104 0.20999999344348907 0.3400000035762787 0.27000001072883606 0.5 0.23000000417232513 
0.4699999988079071 0.14000000059604645 0.38999998569488525 0.2800000011920929 0.4699999988079071 0.25 
0.5400000214576721 0.07000000029802322 0.38999998569488525 0.28999999165534973 0.4099999964237213 0.30000001192092896 
0.5400000214576721 0.1599999964237213 0.30000001192092896 0.23999999463558197 0.5099999904632568 0.25 
0.44999998807907104 0.17000000178813934 0.3799999952316284 0.0 0.4399999976158142 0.5600000023841858 
38 152 0.019999980926513672
98 170 0.031622778250943645
116 157 0.03741659792208607
2 100 0.0400000065565137
75 130 0.04000000655651925
8 141 0.04000003635884164
97 133 0.04472138020842134
46 143 0.04690415099020857
74 113 0.04690415734408655
96 153 0.04898978159391812
68 81 0.050990201302104333
108 109 0.052915015886380576
72 91 0.05291504439893974
25 107 0.0547722579269744
31 52 0.0565685392549073
93 156 0.056568546498876125
128 147 0.058309539047684454
54 95 0.06164415436421658
148 163 0.06324554000932932
118 150 0.0632455414818704
11 117 0.06324554531050189
42 85 0.06324554943364166
82 185 0.06531972045168247
178 186 0.06531974250391603
9 83 0.06633250218698747
70 71 0.0678232746969361
58 172 0.06782329227338914
29 166 0.06782331863805607
22 65 0.06782332303217142
27 64 0.0707106665282742
47 162 0.07211103009674905
159 171 0.07483314904970545
45 124 0.0748331520365852
12 55 0.0748331590059654
7 122 0.07483316746878664
177 188 0.07702813698680133
88 121 0.07745965942160127
40 105 0.07874006893723444
84 160 0.078740090700412
15 194 0.07999997104829105
134 173 0.08000001870096231
49 187 0.08041559576071057
151 195 0.08164961672584402
67 101 0.08366600768482045
10 18 0.08366600946585517
36 39 0.08366601547682251
43 61 0.08485280789452183
86 217 0.08524473343567501
175 205 0.0852447506247737
57 77 0.0860232529129413
76 78 0.08602325377905126
44 127 0.08602328062854332
90 99 0.08717795213767117
89 207 0.0890692501075747
80 123 0.08944274125780752
56 211 0.09018500433130874
14 114 0.09055384483205614
129 144 0.09055384606622369
59 155 0.09165151022469788
154 184 0.09237602433690045
62 69 0.09273617364285519
145 165 0.09273618569410577
183 208 0.093273797432406
112 137 0.09380830674581524
63 201 0.09451632328777701
120 190 0.09626350594486391
53 136 0.0969535846069209
87 140 0.09695358921773069
73 115 0.09797960272975448
167 204 0.10132455949434738
51 215 0.1018168367813028
103 169 0.10583006274934778
35 50 0.10583006450937943
176 228 0.10692675714804001
125 161 0.1104536122562212
158 230 0.11105555203611767
174 238 0.11372481064607999
60 104 0.1140175474762099
164 214 0.11430953669909534
102 106 0.11661906340109207
142 168 0.11832157097819052
66 218 0.11860298750681321
41 247 0.12083046330409117
209 254 0.1220655530474764
126 245 0.12220201681688626
226 260 0.12688580001941854
135 239 0.12793227382599345
131 229 0.128322510110666
138 213 0.13165610798718982
231 251 0.13304135616325097
23 223 0.13540062893447002
92 222 0.13613718066146782
94 182 0.13880442486971753
192 252 0.1389244280743486
119 232 0.1390443716484404
32 34 0.13999999527420817
110 206 0.14023789751167923
216 227 0.14742227803256278
79 267 0.14843628288238847
33 37 0.1503329695922263
139 266 0.1525122899195135
198 210 0.15264337754811658
193 262 0.1558204009109321
0 261 0.1566312035099947
28 149 0.16062381083423571
240 259 0.1652271351592197
191 263 0.16683324938729815
235 276 0.16772994258717677
196 202 0.1687996788806122
48 244 0.17368553182286067
13 224 0.17416468750125536
179 255 0.17454703311709927
180 203 0.17678612334244048
220 274 0.18359373631471093
243 256 0.1844631859839959
111 272 0.19087517488559738
237 282 0.192442926851097
199 219 0.19431931607755318
5 21 0.1964688323226933
20 265 0.19934894285511487
1 4 0.20000002263114097
197 297 0.20890186749538955
246 250 0.21299448821480432
3 24 0.21587033369955264
16 17 0.21633306445995196
241 284 0.22135943025427288
253 292 0.22286518280312514
146 234 0.22509256984125042
19 290 0.22597933888357907
257 281 0.22678917151094913
200 273 0.22840021076083034
132 287 0.22874399520286362
236 268 0.22992755107331295
189 294 0.23424040582230987
212 289 0.23755699982448727
30 225 0.25755258650131196
249 286 0.2576388453805661
6 300 0.27446920683408943
258 264 0.27982984992325927
248 295 0.28005951448305333
26 285 0.283301960012936
277 296 0.28818809556311165
242 299 0.29434296072484606
221 283 0.2959086089870861
181 280 0.30731094038972784
270 316 0.32086688047976336
275 279 0.32619013387775864
293 319 0.33162044963805165
291 313 0.3489315783642274
288 307 0.36656967714957867
269 322 0.3753755891674365
278 324 0.38346505335078446
233 305 0.39076237305909867
298 303 0.4000000042375194
301 310 0.4042974339979367
271 306 0.40550486174463923
302 311 0.45261551284643
309 320 0.46697997978294464
317 333 0.4689603543587787
308 312 0.4691362983881036
314 321 0.47202872211300384
315 328 0.5026492239639087
335 336 0.5535618905643639
323 329 0.5576959232244829
318 330 0.5931980633528916
304 327 0.6729104025099245
325 340 0.6891991974370749
332 337 0.7086034901322718
331 339 0.7218764855696943
326 341 0.7325645192679157
334 349 0.8673373238222467
338 347 0.9027866762737556
344 346 0.9107374257645111
342 345 0.946989827206439
343 352 1.2988225005267948
348 353 1.4988927618480559
350 355 1.6497727244210791
351 354 1.6717930806340613
356 357 6.868156248742255
