0.10000000149011612 0.6299999952316284 0.27000001072883606 0.6200000047683716 0.30000001192092896 0.07999999821186066 
0.05999999865889549 0.7300000190734863 0.20999999344348907 0.800000011920929 0.25 -0.05000000074505806 
0.029999999329447746 0.7900000214576721 0.18000000715255737 0.6000000238418579 0.28999999165534973 0.10999999940395355 
0.28999999165534973 0.6299999952316284 0.07999999821186066 0.699999988079071 0.07000000029802322 0.23000000417232513 
0.1599999964237213 0.75 0.09000000357627869 0.5299999713897705 0.23999999463558197 0.23000000417232513 
0.18000000715255737 0.699999988079071 0.11999999731779099 0.800000011920929 0.07000000029802322 0.12999999523162842 
0.2199999988079071 0.6700000166893005 0.10999999940395355 0.7599999904632568 0.2199999988079071 0.019999999552965164 
0.1899999976158142 0.4099999964237213 0.4000000059604645 0.699999988079071 0.30000001192092896 5.551115123125783e-17 
0.17000000178813934 0.6299999952316284 0.20000000298023224 0.5400000214576721 0.1899999976158142 0.27000001072883606 
0.25 0.6399999856948853 0.10999999940395355 0.4399999976158142 0.18000000715255737 0.3799999952316284 
0.20999999344348907 0.5899999737739563 0.20000000298023224 0.6000000238418579 0.2800000011920929 0.11999999731779099 
0.2800000011920929 0.4699999988079071 0.25 0.5400000214576721 0.2800000011920929 0.18000000715255737 
0.1599999964237213 0.49000000953674316 0.3499999940395355 0.5799999833106995 0.27000001072883606 0.15000000596046448 
0.1599999964237213 0.550000011920929 0.28999999165534973 0.550000011920929 0.28999999165534973 0.1599999964237213 
0.25 0.6000000238418579 0.15000000596046448 0.4300000071525574 0.23000000417232513 0.3400000035762787 
0.1899999976158142 0.41999998688697815 0.38999998569488525 0.5299999713897705 0.30000001192092896 0.17000000178813934 
0.25 0.5099999904632568 0.23999999463558197 0.47999998927116394 0.25999999046325684 0.25999999046325684 
0.23999999463558197 0.4300000071525574 0.33000001311302185 0.6000000238418579 0.25999999046325684 0.14000000059604645 
0.10000000149011612 0.5600000023841858 0.3400000035762787 0.44999998807907104 0.2800000011920929 0.27000001072883606 
0.28999999165534973 0.5400000214576721 0.17000000178813934 0.5699999928474426 0.23000000417232513 0.20000000298023224 
0.12999999523162842 0.5899999737739563 0.2800000011920929 0.44999998807907104 0.1899999976158142 0.36000001430511475 
0.23000000417232513 0.5600000023841858 0.20999999344348907 0.5799999833106995 0.25 0.17000000178813934 
0.30000001192092896 0.5699999928474426 0.12999999523162842 0.5899999737739563 0.23999999463558197 0.17000000178813934 
0.17000000178813934 0.5400000214576721 0.28999999165534973 0.4300000071525574 0.30000001192092896 0.27000001072883606 
0.27000001072883606 0.5899999737739563 0.14000000059604645 0.41999998688697815 0.18000000715255737 0.4000000059604645 
