0.7799999713897705 0.019999999552965164 0.20000000298023224 0.029999999329447746 0.5400000214576721 0.4300000071525574 
0.5699999928474426 0.05000000074505806 0.3799999952316284 0.05999999865889549 0.4699999988079071 0.4699999988079071 
0.7699999809265137 0.09000000357627869 0.14000000059604645 0.10000000149011612 0.41999998688697815 0.47999998927116394 
0.6700000166893005 0.029999999329447746 0.30000001192092896 0.019999999552965164 0.5699999928474426 0.4099999964237213 
0.7599999904632568 0.019999999552965164 0.2199999988079071 0.03999999910593033 0.47999998927116394 0.47999998927116394 
0.6899999976158142 0.03999999910593033 0.27000001072883606 0.009999999776482582 0.4099999964237213 0.5799999833106995 
0.5299999713897705 0.09000000357627869 0.3799999952316284 0.07999999821186066 0.49000000953674316 0.4300000071525574 
0.5699999928474426 0.1899999976158142 0.23999999463558197 0.11999999731779099 0.4300000071525574 0.44999998807907104 
0.5099999904632568 0.2800000011920929 0.20999999344348907 0.05000000074505806 0.46000000834465027 0.49000000953674316 
0.5699999928474426 0.23000000417232513 0.20000000298023224 0.17000000178813934 0.41999998688697815 0.4099999964237213 
0.5799999833106995 0.25 0.17000000178813934 0.23000000417232513 0.4099999964237213 0.36000001430511475 
0.6000000238418579 0.30000001192092896 0.10000000149011612 0.07000000029802322 0.5099999904632568 0.41999998688697815 
0.6000000238418579 0.07000000029802322 0.33000001311302185 0.019999999552965164 0.550000011920929 0.4300000071525574 
0.5099999904632568 0.25999999046325684 0.23000000417232513 0.05000000074505806 0.4399999976158142 0.5099999904632568 
0.5 0.23000000417232513 0.27000001072883606 0.1899999976158142 0.4300000071525574 0.3799999952316284 
0.5400000214576721 0.20999999344348907 0.25 0.029999999329447746 0.5199999809265137 0.44999998807907104 
0.5699999928474426 0.12999999523162842 0.30000001192092896 0.10999999940395355 0.44999998807907104 0.4399999976158142 
0.5899999737739563 0.20000000298023224 0.20999999344348907 0.03999999910593033 0.4099999964237213 0.550000011920929 
0.5199999809265137 0.23000000417232513 0.25 0.0 0.4699999988079071 0.5299999713897705 
0.6000000238418579 0.2800000011920929 0.11999999731779099 0.05999999865889549 0.5199999809265137 0.41999998688697815 
