0.25999999046325684 0.41999998688697815 0.3199999928474426 0.6299999952316284 0.009999999776482582 0.36000001430511475 
0.25 0.49000000953674316 0.25999999046325684 0.550000011920929 0.0 0.44999998807907104 
0.2800000011920929 0.5400000214576721 0.18000000715255737 0.5899999737739563 0.09000000357627869 0.3199999928474426 
0.25 0.5299999713897705 0.2199999988079071 0.5799999833106995 0.10000000149011612 0.3199999928474426 
0.25999999046325684 0.4000000059604645 0.3400000035762787 0.5600000023841858 0.10999999940395355 0.33000001311302185 
0.11999999731779099 0.5299999713897705 0.3499999940395355 0.41999998688697815 0.009999999776482582 0.5699999928474426 
0.2800000011920929 0.5 0.2199999988079071 0.5199999809265137 0.019999999552965164 0.46000000834465027 
0.28999999165534973 0.4399999976158142 0.27000001072883606 0.6000000238418579 0.07999999821186066 0.3199999928474426 
0.1599999964237213 0.550000011920929 0.28999999165534973 0.4399999976158142 0.029999999329447746 0.5299999713897705 
0.2800000011920929 0.5600000023841858 0.1599999964237213 0.5400000214576721 0.0 0.46000000834465027 
0.27000001072883606 0.4699999988079071 0.25999999046325684 0.5299999713897705 0.0 0.4699999988079071 
0.30000001192092896 0.550000011920929 0.15000000596046448 0.5699999928474426 0.10999999940395355 0.3199999928474426 
0.27000001072883606 0.4699999988079071 0.25999999046325684 0.4000000059604645 0.10999999940395355 0.49000000953674316 
0.25999999046325684 0.5600000023841858 0.18000000715255737 0.550000011920929 0.029999999329447746 0.41999998688697815 
0.2800000011920929 0.46000000834465027 0.25999999046325684 0.5799999833106995 0.14000000059604645 0.2800000011920929 
