A       4.2549           291.39       0.0000      -0.0000
A       4.2600           291.04       0.0058       0.0000
A       4.5445           272.82       0.0078      -0.0000
A       4.6802           264.91       0.0005       0.0000
A       4.9956           248.19       0.0058      -0.0000
A       5.0170           247.13       0.4254      -0.0000
A       5.1973           238.55       0.2308      -0.0000
A       5.3335           232.46       0.0000       0.0000
A       5.3402           232.17       0.0201       0.0000
A       5.4250           228.54       0.0079      -0.0000
B       4.1876           296.07       0.0000      -0.0000
B       4.1964           295.45       0.0178       0.0000
B       4.2598           291.06       0.0122      -0.0000
B       4.3099           287.67       0.0000      -0.0000
B       4.5238           274.07       0.0065      -0.0000
B       4.5406           273.06       0.0143      -0.0000
B       4.5666           271.50       0.0001       0.0000
B       4.7331           261.95       0.0000      -0.0000
B       4.9408           250.94       0.2022      -0.0000
B       5.0835           243.90       0.5889       0.0000

C       4.0412           306.80       0.0147       4.0454

C       4.1831           296.39       0.0003      -0.7577

C       4.2626           290.87       0.0127      -0.1692

C       4.4537           278.38       0.0485       5.3825

C       4.5363           273.31       0.0066       9.6912

C       4.5422           272.96       0.0077     -10.6896

C       4.7087           263.31       0.0020      -1.5552

C       4.8396           256.18       0.5978      65.1570

C       4.9440           250.77       0.0675      -7.4786

C       5.0457           245.72       0.0692       5.8804

D       3.8762           319.86       0.0041      -1.7359

D       3.9420           314.52       0.0042      -4.8361

D       4.1187           301.03       0.0692     123.5742

D       4.1307           300.15       0.0084      -4.4872

D       4.2821           289.54       0.0034      -5.1466

D       4.2910           288.94       0.0026       4.4381

D       4.3402           285.67       0.1570     152.2849

D       4.5410           273.03       0.2780     640.7588

D       4.5632           271.70       0.0205     -49.6476

D       4.9292           251.53       0.4840     -98.0571

E       4.0925           302.95       0.0379      19.4307

E       4.3248           286.68       0.0064       1.9193

E       4.3925           282.26       0.0089       8.4583

E       4.4640           277.74       0.0060     -14.2979

E       4.6145           268.68       0.0080       4.7906

E       4.6945           264.10       0.0629     -75.0000

E       4.8059           257.98       0.0273     -24.9019

E       4.8335           256.51       0.0181      29.6823

E       4.9146           252.28       0.0719    -232.5892

E       4.9586           250.04       0.0434     201.0522

F       4.2051           294.84       0.0000      -0.0000

F       4.2286           293.20       0.0000       0.0000

F       4.2506           291.69       0.0313       0.0000

F       4.2723           290.21       0.0000       0.0000

F       4.5428           272.93       0.0133      -0.0000

F       4.5428           272.93       0.0133       0.0000

F       4.6009           269.48       0.0001       0.0000

F       4.6013           269.45       0.0001      -0.0000

F       5.0140           247.28       0.4092      -0.0000

F       5.0995           243.13       0.0000       0.0000

G       4.0157           308.75       0.0000       0.0000

G       4.2508           291.68       0.0094       0.0000

G       4.4762           276.98       0.0001      -0.0000

G       4.5357           273.35       0.0079      -0.0000

G       4.7876           258.97       0.0051      -0.0000

G       4.9772           249.11       0.3696       0.0000

G       5.1614           240.22       0.3105      -0.0000

G       5.3056           233.69       0.0000       0.0000

G       5.3311           232.57       0.0000       0.0000

G       5.3519           231.66       0.0149       0.0000

H       3.7260           332.76       0.0000       0.0000

H       3.8728           320.14       0.0000      -0.0000

H       4.1005           302.37       0.1294      -0.0000

H       4.1206           300.89       0.0001      -0.0000

H       4.1724           297.15       0.0017      -0.0000

H       4.3175           287.17       0.0001       0.0000

H       4.4368           279.44       0.0226       0.0000

H       4.4777           276.89       0.0085       0.0000

H       4.4935           275.92       0.0609      -0.0000

H       4.6797           264.94       0.1193       0.0000

I       3.6818           336.75       0.0070      -1.3593

I       3.9900           310.74       0.0423       9.5043

I       4.0632           305.14       0.0014       5.4633

I       4.1460           299.05       0.0256      -3.2327

I       4.1701           297.32       0.0266      -1.4523

I       4.4086           281.23       0.0194      22.3550

I       4.4612           277.92       0.0181      20.0130

I       4.5002           275.51       0.0457      -2.1414

I       4.5832           270.52       0.0127     136.8813

I       4.7125           263.10       0.2695    -611.8097

J       3.2924           376.58       0.0165       0.2023

J       3.3403           371.18       0.0077      -5.4182

J       3.5309           351.14       0.0167      31.8632

J       3.6869           336.29       0.0032       9.0054

J       4.0925           302.96       0.0012      -0.8704

J       4.2437           292.16       0.0056      76.8092

J       4.2540           291.46       0.0106     -11.3971

J       4.3025           288.17       0.2016     207.8200

J       4.5067           275.11       0.2281     475.3058

J       4.5430           272.91       0.0280     -65.7336

K       4.1008           302.34       0.0362      19.0818

K       4.3020           288.20       0.0036       3.8740

K       4.3550           284.69       0.0053     -15.1270

K       4.4066           281.36       0.0088      -2.8576

K       4.5272           273.87       0.0407      -7.4157

K       4.6164           268.57       0.0120      -7.5330

K       4.7125           263.10       0.0026      -9.0731

K       4.8013           258.23       0.0479     -72.8753

K       4.8844           253.84       0.0386       2.4376

K       4.9319           251.39       0.0260    -114.9831

L       3.7311           332.30       0.0000      -0.0000

L       3.7636           329.43       0.0000       0.0000

L       4.1295           300.24       0.1578       0.0000

L       4.1498           298.77       0.0002       0.0000

L       4.1503           298.73       0.0002      -0.0000

L       4.1996           295.23       0.0000      -0.0000

L       4.4601           277.99       0.0145       0.0000

L       4.4601           277.98       0.0145      -0.0000

L       4.5456           272.75       0.1771       0.0000

L       4.5464           272.71       0.0019       0.0000

M       3.5020           354.04       0.0000       0.0000

M       3.9140           316.77       0.0028      -0.0000

M       4.1290           300.28       0.0002       0.0000

M       4.1954           295.53       0.0211       0.0000

M       4.4347           279.58       0.0001       0.0000

M       4.5498           272.50       0.0031      -0.0000

M       4.5861           270.35       0.0978      -0.0000

M       4.5982           269.64       0.0183      -0.0000

M       4.6002           269.52       0.0000       0.0000

M       4.8046           258.06       0.0000      -0.0000

N       3.0928           400.88       0.0000       0.0000

N       3.3347           371.80       0.0000       0.0000

N       3.4149           363.07       0.1720      -0.0000

N       3.6469           339.97       0.0002       0.0000

N       3.7732           328.60       0.0210      -0.0000

N       3.8152           324.97       0.0182      -0.0000

N       3.8866           319.00       0.0006      -0.0000

N       3.9047           317.52       0.0003       0.0000

N       4.0299           307.66       0.0014      -0.0000

N       4.1030           302.18       0.0013      -0.0000

O       2.9856           415.28       0.0016       3.1025

O       3.4007           364.58       0.1142      -2.5245

O       3.5145           352.78       0.0009       1.8617

O       3.7299           332.41       0.0005       1.0744

O       3.7508           330.55       0.0026       7.6183

O       3.7788           328.11       0.0136      -7.7732

O       3.8472           322.27       0.0195       1.9304

O       3.9191           316.36       0.0011      -0.3309

O       3.9810           311.44       0.0001      -1.0894

O       4.2897           289.03       0.0068      -1.0319

P       2.8642           432.88       0.0335      17.7928

P       2.9688           417.63       0.0000       0.1665

P       3.2564           380.74       0.0206      28.5334

P       3.3632           368.65       0.0049      13.2375

P       3.5846           345.88       0.0671     -31.3286

P       3.8409           322.80       0.0002      -1.0629

P       3.8994           317.96       0.0045      10.2246

P       3.9560           313.41       0.0079      17.7638

P       4.0130           308.95       0.0274      -5.3135

P       4.0818           303.75       0.0029       8.7080

Q       3.6926           335.76       0.0604      16.5075

Q       3.8783           319.69       0.0075      -4.6596

Q       4.0015           309.84       0.0108      -6.3185

Q       4.1453           299.09       0.0092       2.8208

Q       4.3021           288.19       0.0033       4.0413

Q       4.3469           285.22       0.0001       0.9196

Q       4.5528           272.33       0.0001       0.3687

Q       4.5862           270.34       0.0068       1.7170

Q       4.6670           265.66       0.0428     -41.4076

Q       4.8570           255.27       0.0648    -254.5137

R       3.1509           393.49       0.0000      -0.0000

R       3.2043           386.93       0.0000      -0.0000

R       3.4479           359.60       0.2268      -0.0000

R       3.7173           333.54       0.0000       0.0000

R       3.7301           332.39       0.0003      -0.0000

R       3.7314           332.28       0.0003       0.0000

R       3.9399           314.69       0.0181       0.0000

R       3.9401           314.67       0.0180      -0.0000

R       3.9921           310.58       0.0001       0.0000

R       3.9945           310.39       0.0001       0.0000

